1.072500000000000000e+02
5.980000000000000000e+02
4.325000000000000000e+01
6.700000000000000000e+01
5.875000000000000000e+01
3.227500000000000000e+02
4.567500000000000000e+02
5.880000000000000000e+02
8.762500000000000000e+02
6.762500000000000000e+02
2.742500000000000000e+02
3.235000000000000000e+02
1.304500000000000000e+03
6.035000000000000000e+02
1.463000000000000000e+03
1.387750000000000000e+03
1.324250000000000000e+03
2.467500000000000000e+02
2.455000000000000000e+02
5.577500000000000000e+02
5.397500000000000000e+02
1.097500000000000000e+02
2.857500000000000000e+02
4.010000000000000000e+02
1.972500000000000000e+02
1.350000000000000000e+02
9.020000000000000000e+02
6.965000000000000000e+02
6.190000000000000000e+02
8.165000000000000000e+02
9.805000000000000000e+02
3.867500000000000000e+02
3.580000000000000000e+02
1.282500000000000000e+02
4.670000000000000000e+02
7.900000000000000000e+01
3.955000000000000000e+02
5.347500000000000000e+02
2.002500000000000000e+02
1.607500000000000000e+02
3.865000000000000000e+02
5.585000000000000000e+02
5.522500000000000000e+02
2.150000000000000000e+01
1.427500000000000000e+02
1.315000000000000000e+02
8.425000000000000000e+01
1.867500000000000000e+02
1.217500000000000000e+02
6.237500000000000000e+02
8.065000000000000000e+02
5.087500000000000000e+02
3.387500000000000000e+02
3.190000000000000000e+02
9.180000000000000000e+02
8.962500000000000000e+02
7.322500000000000000e+02
8.777500000000000000e+02
6.420000000000000000e+02
2.900000000000000000e+02
2.300000000000000000e+02
4.352500000000000000e+02
6.267500000000000000e+02
9.305000000000000000e+02
8.330000000000000000e+02
8.682500000000000000e+02
4.055000000000000000e+02
2.707500000000000000e+02
9.872500000000000000e+02
1.383000000000000000e+03
1.411750000000000000e+03
6.995000000000000000e+02
9.115000000000000000e+02
4.725000000000000000e+02
3.182500000000000000e+02
7.477500000000000000e+02
1.063500000000000000e+03
1.153500000000000000e+03
1.194000000000000000e+03
1.271500000000000000e+03
4.752500000000000000e+02
3.292500000000000000e+02
8.210000000000000000e+02
1.014750000000000000e+03
1.020000000000000000e+03
9.892500000000000000e+02
1.257750000000000000e+03
3.957500000000000000e+02
2.370000000000000000e+02
5.682500000000000000e+02
1.456500000000000000e+03
1.496500000000000000e+03
1.656500000000000000e+03
9.987500000000000000e+02
5.852500000000000000e+02
4.277500000000000000e+02
1.433500000000000000e+03
8.337500000000000000e+02
1.721000000000000000e+03
1.727750000000000000e+03
1.683250000000000000e+03
7.060000000000000000e+02
5.662500000000000000e+02
1.725000000000000000e+03
1.054250000000000000e+03
1.086250000000000000e+03
1.370250000000000000e+03
1.057000000000000000e+03
5.832500000000000000e+02
4.940000000000000000e+02
1.522000000000000000e+03
1.761750000000000000e+03
1.809500000000000000e+03
1.642500000000000000e+03
1.710000000000000000e+03
6.030000000000000000e+02
5.642500000000000000e+02
1.620750000000000000e+03
1.617750000000000000e+03
3.005000000000000000e+02
1.081500000000000000e+03
1.795000000000000000e+03
8.210000000000000000e+02
5.600000000000000000e+02
1.710500000000000000e+03
1.951250000000000000e+03
2.045750000000000000e+03
4.605000000000000000e+02
1.340000000000000000e+03
7.132500000000000000e+02
6.840000000000000000e+02
1.919500000000000000e+03
1.997250000000000000e+03
1.895750000000000000e+03
1.503500000000000000e+03
1.639000000000000000e+03
8.515000000000000000e+02
6.662500000000000000e+02
1.858750000000000000e+03
2.081500000000000000e+03
2.084500000000000000e+03
1.682000000000000000e+03
1.701000000000000000e+03
5.647500000000000000e+02
5.750000000000000000e+02
6.442500000000000000e+02
1.923000000000000000e+03
1.865750000000000000e+03
2.043000000000000000e+03
2.020750000000000000e+03
8.290000000000000000e+02
7.310000000000000000e+02
1.915500000000000000e+03
2.208750000000000000e+03
2.141250000000000000e+03
3.947500000000000000e+02
2.110500000000000000e+03
9.257500000000000000e+02
7.567500000000000000e+02
2.185000000000000000e+02
1.919250000000000000e+03
1.568750000000000000e+03
1.572250000000000000e+03
6.795000000000000000e+02
8.697500000000000000e+02
7.020000000000000000e+02
1.896750000000000000e+03
2.121750000000000000e+03
2.107250000000000000e+03
1.914750000000000000e+03
1.967750000000000000e+03
9.090000000000000000e+02
6.732500000000000000e+02
1.864500000000000000e+03
2.137500000000000000e+03
2.079750000000000000e+03
2.072250000000000000e+03
1.941250000000000000e+03
8.535000000000000000e+02
6.985000000000000000e+02
1.838000000000000000e+03
2.057750000000000000e+03
1.979750000000000000e+03
1.732000000000000000e+03
5.187500000000000000e+02
5.802500000000000000e+02
5.605000000000000000e+02
1.772750000000000000e+03
1.989000000000000000e+03
2.113000000000000000e+03
2.137000000000000000e+03
2.023250000000000000e+03
8.417500000000000000e+02
5.897500000000000000e+02
1.776750000000000000e+03
2.015500000000000000e+03
1.867250000000000000e+03
2.262500000000000000e+03
2.109750000000000000e+03
8.292500000000000000e+02
6.245000000000000000e+02
2.003000000000000000e+03
2.210250000000000000e+03
2.178750000000000000e+03
2.102500000000000000e+03
2.078000000000000000e+03
8.025000000000000000e+02
5.777500000000000000e+02
1.849000000000000000e+03
2.170500000000000000e+03
2.209750000000000000e+03
2.092500000000000000e+03
1.935500000000000000e+03
4.747500000000000000e+02
4.185000000000000000e+02
1.883250000000000000e+03
1.953500000000000000e+03
2.116000000000000000e+03
2.066750000000000000e+03
1.922000000000000000e+03
1.095250000000000000e+03
6.567500000000000000e+02
1.866750000000000000e+03
2.025250000000000000e+03
1.075250000000000000e+03
2.004250000000000000e+03
1.865000000000000000e+03
1.091750000000000000e+03
5.292500000000000000e+02
1.754750000000000000e+03
2.097750000000000000e+03
2.005250000000000000e+03
1.970500000000000000e+03
1.760500000000000000e+03
7.637500000000000000e+02
6.242500000000000000e+02
1.775750000000000000e+03
1.992000000000000000e+03
2.003500000000000000e+03
1.924250000000000000e+03
1.683250000000000000e+03
7.055000000000000000e+02
5.072500000000000000e+02
5.805000000000000000e+02
1.682000000000000000e+03
2.108500000000000000e+03
2.137000000000000000e+03
2.070500000000000000e+03
8.505000000000000000e+02
7.837500000000000000e+02
2.007250000000000000e+03
2.250500000000000000e+03
2.271000000000000000e+03
2.198500000000000000e+03
2.161000000000000000e+03
8.302500000000000000e+02
7.122500000000000000e+02
1.980500000000000000e+03
6.565000000000000000e+02
2.230250000000000000e+03
2.233750000000000000e+03
2.110250000000000000e+03
9.240000000000000000e+02
7.037500000000000000e+02
2.049250000000000000e+03
2.231000000000000000e+03
2.253250000000000000e+03
4.915000000000000000e+02
1.940750000000000000e+03
9.012500000000000000e+02
7.212500000000000000e+02
2.028250000000000000e+03
2.197500000000000000e+03
1.687250000000000000e+03
2.171000000000000000e+03
2.084500000000000000e+03
1.645000000000000000e+02
6.262500000000000000e+02
1.922000000000000000e+03
2.165500000000000000e+03
2.116000000000000000e+03
1.968250000000000000e+03
1.954250000000000000e+03
1.582500000000000000e+02
5.327500000000000000e+02
1.353500000000000000e+03
1.900000000000000000e+03
2.141000000000000000e+03
1.117750000000000000e+03
2.055250000000000000e+03
8.117500000000000000e+02
5.580000000000000000e+02
1.677250000000000000e+03
2.024500000000000000e+03
3.642500000000000000e+02
4.232500000000000000e+02
1.820000000000000000e+03
7.282500000000000000e+02
5.917500000000000000e+02
1.745500000000000000e+03
2.127250000000000000e+03
2.164500000000000000e+03
2.045500000000000000e+03
1.816500000000000000e+03
1.815000000000000000e+02
5.170000000000000000e+02
1.721750000000000000e+03
2.015750000000000000e+03
2.094500000000000000e+03
4.145000000000000000e+02
1.820500000000000000e+03
6.462500000000000000e+02
5.005000000000000000e+02
1.754500000000000000e+03
1.837000000000000000e+03
1.785250000000000000e+03
1.778750000000000000e+03
1.470250000000000000e+03
5.022500000000000000e+02
4.045000000000000000e+02
4.392500000000000000e+02
1.260750000000000000e+03
1.133750000000000000e+03
1.408750000000000000e+03
1.243750000000000000e+03
4.330000000000000000e+02
4.107500000000000000e+02
1.117500000000000000e+03
1.806250000000000000e+03
1.987500000000000000e+02
2.352500000000000000e+02
3.860000000000000000e+02
2.725000000000000000e+02
3.167500000000000000e+02
1.548500000000000000e+03
1.369250000000000000e+03
8.245000000000000000e+02
1.489500000000000000e+03
1.387500000000000000e+03
3.570000000000000000e+02
3.387500000000000000e+02
1.058000000000000000e+03
1.300000000000000000e+02
8.347500000000000000e+02
1.201000000000000000e+03
1.217750000000000000e+03
4.197500000000000000e+02
3.435000000000000000e+02
1.244750000000000000e+03
1.442000000000000000e+03
1.375250000000000000e+03
1.295750000000000000e+03
1.162500000000000000e+03
3.335000000000000000e+02
2.770000000000000000e+02
9.437500000000000000e+02
5.217500000000000000e+02
3.125000000000000000e+02
1.045000000000000000e+02
3.897500000000000000e+02
2.637500000000000000e+02
1.140000000000000000e+02
7.145000000000000000e+02
7.272500000000000000e+02
5.417500000000000000e+02
