2.057500000000000000e+03
1.979750000000000000e+03
1.732000000000000000e+03
5.187500000000000000e+02
5.802500000000000000e+02
5.605000000000000000e+02
1.772750000000000000e+03
1.989000000000000000e+03
2.113000000000000000e+03
2.137000000000000000e+03
2.023250000000000000e+03
8.417500000000000000e+02
5.897500000000000000e+02
1.776750000000000000e+03
2.015500000000000000e+03
1.867250000000000000e+03
2.262500000000000000e+03
2.109750000000000000e+03
8.292500000000000000e+02
6.245000000000000000e+02
2.003000000000000000e+03
2.210250000000000000e+03
2.178750000000000000e+03
2.102500000000000000e+03
2.078000000000000000e+03
8.025000000000000000e+02
5.777500000000000000e+02
1.849000000000000000e+03
2.170500000000000000e+03
2.209750000000000000e+03
2.092500000000000000e+03
1.935500000000000000e+03
4.747500000000000000e+02
4.185000000000000000e+02
1.883250000000000000e+03
1.953500000000000000e+03
2.116000000000000000e+03
2.066750000000000000e+03
1.922000000000000000e+03
1.095250000000000000e+03
6.567500000000000000e+02
1.866750000000000000e+03
2.025250000000000000e+03
1.075250000000000000e+03
2.004250000000000000e+03
1.865000000000000000e+03
1.091750000000000000e+03
5.292500000000000000e+02
1.754750000000000000e+03
2.097750000000000000e+03
2.005250000000000000e+03
1.970500000000000000e+03
1.760500000000000000e+03
7.637500000000000000e+02
6.242500000000000000e+02
1.775750000000000000e+03
1.992000000000000000e+03
2.003500000000000000e+03
1.924250000000000000e+03
1.683250000000000000e+03
7.055000000000000000e+02
5.072500000000000000e+02
5.805000000000000000e+02
1.682000000000000000e+03
2.108500000000000000e+03
2.137000000000000000e+03
2.070500000000000000e+03
8.505000000000000000e+02
7.837500000000000000e+02
2.007250000000000000e+03
2.250500000000000000e+03
2.271000000000000000e+03
2.198500000000000000e+03
2.161000000000000000e+03
8.302500000000000000e+02
7.122500000000000000e+02
1.980500000000000000e+03
6.565000000000000000e+02
2.230250000000000000e+03
2.233750000000000000e+03
2.110250000000000000e+03
9.240000000000000000e+02
7.037500000000000000e+02
2.049250000000000000e+03
2.231000000000000000e+03
2.253250000000000000e+03
4.915000000000000000e+02
1.940750000000000000e+03
9.012500000000000000e+02
7.212500000000000000e+02
2.028250000000000000e+03
2.197500000000000000e+03
1.687250000000000000e+03
2.171000000000000000e+03
2.084500000000000000e+03
1.645000000000000000e+02
6.262500000000000000e+02
1.922000000000000000e+03
2.165500000000000000e+03
2.116000000000000000e+03
1.968250000000000000e+03
1.954250000000000000e+03
1.582500000000000000e+02
5.327500000000000000e+02
1.353500000000000000e+03
1.900000000000000000e+03
2.141000000000000000e+03
1.117750000000000000e+03
2.055250000000000000e+03
8.117500000000000000e+02
5.580000000000000000e+02
1.677250000000000000e+03
2.024500000000000000e+03
3.642500000000000000e+02
4.232500000000000000e+02
1.820000000000000000e+03
7.282500000000000000e+02
5.917500000000000000e+02
1.745500000000000000e+03
2.127250000000000000e+03
2.164500000000000000e+03
2.045500000000000000e+03
1.816500000000000000e+03
1.815000000000000000e+02
5.170000000000000000e+02
1.721750000000000000e+03
2.015750000000000000e+03
2.094500000000000000e+03
4.145000000000000000e+02
1.820500000000000000e+03
6.462500000000000000e+02
5.005000000000000000e+02
1.754500000000000000e+03
1.837000000000000000e+03
1.785250000000000000e+03
1.778750000000000000e+03
1.470250000000000000e+03
5.022500000000000000e+02
4.045000000000000000e+02
4.392500000000000000e+02
1.260750000000000000e+03
1.133750000000000000e+03
1.408750000000000000e+03
1.243750000000000000e+03
4.330000000000000000e+02
4.107500000000000000e+02
1.117500000000000000e+03
1.806250000000000000e+03
1.987500000000000000e+02
2.352500000000000000e+02
3.860000000000000000e+02
2.725000000000000000e+02
3.167500000000000000e+02
