# Number,ID,NumberDocks,Latitude,Longitude
0 72 39 40 -73
1 79 33 40 -74
2 82 27 40 -74
3 83 62 40 -73
4 116 39 40 -74
5 119 19 40 -73
6 120 19 40 -73
7 127 31 40 -74
8 128 30 40 -74
9 137 46 40 -73
10 143 24 40 -73
11 144 19 40 -73
12 146 39 40 -74
13 147 33 40 -74
14 150 31 40 -73
15 151 33 40 -73
16 152 29 40 -74
17 153 55 40 -73
18 157 23 40 -73
19 160 26 40 -73
20 161 35 40 -73
21 164 47 40 -73
22 167 45 40 -73
23 168 19 40 -73
24 173 51 40 -73
25 174 30 40 -73
26 195 45 40 -74
27 212 3 40 -74
28 216 23 40 -73
29 217 39 40 -73
30 218 39 40 -73
31 223 33 40 -73
32 224 31 40 -74
33 225 37 40 -74
34 228 55 40 -73
35 229 26 40 -73
36 232 23 40 -73
37 233 38 40 -73
38 236 39 40 -73
39 237 39 40 -73
40 238 31 40 -74
41 239 31 40 -73
42 241 23 40 -73
43 242 23 40 -73
44 243 31 40 -73
45 244 31 40 -73
46 245 23 40 -73
47 247 20 40 -74
48 248 23 40 -74
49 249 27 40 -74
50 250 40 40 -73
51 251 27 40 -73
52 252 33 40 -73
53 253 55 40 -73
54 254 31 40 -73
55 257 39 40 -74
56 258 23 40 -73
57 259 31 40 -74
58 260 35 40 -74
59 261 27 40 -73
60 262 24 40 -73
61 263 31 40 -73
62 264 27 40 -74
63 265 35 40 -73
64 266 24 40 -73
65 267 57 40 -73
66 268 27 40 -73
67 270 23 40 -73
68 271 31 40 -73
69 274 31 40 -73
70 275 19 40 -73
71 276 25 40 -74
72 278 19 40 -73
73 279 36 40 -74
74 280 31 40 -73
75 281 59 40 -73
76 282 27 40 -73
77 284 43 40 -74
78 285 47 40 -73
79 289 19 40 -73
80 290 29 40 -73
81 291 20 40 -73
82 293 55 40 -73
83 294 31 40 -73
84 295 24 40 -73
85 296 35 40 -73
86 297 27 40 -73
87 298 35 40 -73
88 300 55 40 -73
89 301 37 40 -73
90 302 23 40 -73
91 303 31 40 -73
92 304 36 40 -74
93 305 33 40 -73
94 306 37 40 -74
95 307 31 40 -73
96 308 27 40 -73
97 309 41 40 -74
98 310 36 40 -73
99 311 31 40 -73
100 312 31 40 -73
101 313 23 40 -73
102 314 39 40 -73
103 315 29 40 -74
104 316 43 40 -74
105 317 27 40 -73
106 318 31 40 -73
107 320 39 40 -74
108 321 27 40 -73
109 322 31 40 -73
110 323 39 40 -73
111 324 51 40 -73
112 325 35 40 -73
113 326 27 40 -73
114 327 39 40 -74
115 328 23 40 -74
116 329 31 40 -74
117 330 39 40 -74
118 331 27 40 -73
119 332 24 40 -73
120 334 31 40 -73
121 335 27 40 -73
122 336 36 40 -73
123 337 37 40 -74
124 339 24 40 -73
125 340 27 40 -73
126 341 19 40 -73
127 342 29 40 -73
128 343 23 40 -73
129 344 23 40 -73
130 345 35 40 -73
131 346 27 40 -74
132 347 35 40 -74
133 348 42 40 -74
134 349 23 40 -73
135 350 28 40 -73
136 351 39 40 -74
137 352 36 40 -73
138 353 27 40 -73
139 354 23 40 -73
140 355 43 40 -73
141 356 23 40 -73
142 357 27 40 -73
143 358 36 40 -74
144 359 55 40 -73
145 360 39 40 -74
146 361 43 40 -73
147 362 57 40 -73
148 363 49 40 -74
149 364 27 40 -73
150 365 31 40 -73
151 366 33 40 -73
152 367 34 40 -73
153 368 39 40 -74
154 369 35 40 -74
155 372 27 40 -73
156 373 19 40 -73
157 375 30 40 -73
158 376 43 40 -74
159 377 47 40 -74
160 379 42 40 -73
161 380 39 40 -74
162 382 36 40 -73
163 383 39 40 -74
164 385 29 40 -73
165 386 43 40 -74
166 387 39 40 -74
167 388 35 40 -74
168 389 27 40 -73
169 390 31 40 -73
170 391 31 40 -73
171 392 32 40 -73
172 393 31 40 -73
173 394 32 40 -73
174 395 30 40 -73
175 396 25 40 -73
176 397 27 40 -73
177 398 31 40 -73
178 399 26 40 -73
179 400 15 40 -73
180 401 42 40 -73
181 402 42 40 -73
182 403 31 40 -73
183 404 39 40 -74
184 405 40 40 -74
185 406 34 40 -73
186 407 43 40 -73
187 408 23 40 -73
188 409 19 40 -73
189 410 35 40 -73
190 411 23 40 -73
191 412 29 40 -73
192 414 24 40 -73
193 415 42 40 -74
194 416 31 40 -73
195 417 23 40 -74
196 418 23 40 -73
197 419 23 40 -73
198 420 23 40 -73
199 421 19 40 -73
200 422 55 40 -73
201 423 39 40 -73
202 426 31 40 -74
203 427 47 40 -74
204 428 31 40 -73
205 430 27 40 -73
206 431 30 40 -73
207 432 31 40 -73
208 433 39 40 -73
209 434 27 40 -74
210 435 47 40 -73
211 436 27 40 -73
212 437 24 40 -73
213 438 27 40 -73
214 439 39 40 -73
215 440 32 40 -73
216 441 35 40 -73
217 442 51 40 -73
218 443 23 40 -73
219 444 52 40 -73
220 445 42 40 -73
221 446 37 40 -73
222 447 31 40 -73
223 448 31 40 -73
224 449 31 40 -73
225 450 59 40 -73
226 453 39 40 -73
227 454 35 40 -73
228 455 39 40 -73
229 456 35 40 -73
230 457 39 40 -73
231 458 31 40 -74
232 459 49 40 -74
233 460 23 40 -73
234 461 39 40 -73
235 462 47 40 -74
236 463 25 40 -74
237 464 59 40 -73
238 465 39 40 -73
239 466 35 40 -73
240 467 34 40 -73
241 468 59 40 -73
242 469 57 40 -73
243 470 37 40 -74
244 471 31 40 -73
245 472 41 40 -73
246 473 42 40 -73
247 474 47 40 -73
248 475 37 40 -73
249 476 47 40 -73
250 477 59 40 -73
251 478 31 40 -73
252 479 31 40 -73
253 480 27 40 -73
254 481 25 40 -73
255 482 39 40 -73
256 483 35 40 -73
257 484 44 40 -73
258 485 39 40 -73
259 486 39 40 -73
260 487 36 40 -73
261 488 41 40 -73
262 489 37 40 -74
263 490 59 40 -73
264 491 53 40 -73
265 492 49 40 -73
266 493 34 40 -73
267 494 35 40 -73
268 495 25 40 -73
269 496 47 40 -73
270 497 59 40 -73
271 498 30 40 -73
272 499 36 40 -73
273 500 52 40 -73
274 501 43 40 -73
275 502 30 40 -73
276 503 29 40 -73
277 504 27 40 -73
278 505 36 40 -73
279 507 47 40 -73
280 508 24 40 -73
281 509 36 40 -74
282 510 51 40 -73
283 511 33 40 -73
284 512 27 40 -73
285 513 27 40 -73
286 514 53 40 -74
287 515 35 40 -73
288 516 31 40 -73
289 517 59 40 -73
290 518 39 40 -73
291 519 61 40 -73
292 520 39 40 -73
293 521 39 40 -73
294 522 51 40 -73
295 523 51 40 -73
296 524 21 40 -73
297 525 39 40 -74
298 526 39 40 -73
299 527 59 40 -73
300 528 39 40 -73
301 529 41 40 -73
302 530 36 40 -73
303 531 39 40 -73
304 532 43 40 -73
305 533 50 40 -73
306 534 31 40 -74
307 536 29 40 -73
308 537 39 40 -73
309 538 39 40 -73
310 539 31 40 -73
311 545 27 40 -73
312 546 38 40 -73
313 2000 30 40 -73
314 2001 15 40 -73
315 2002 27 40 -73
316 2003 39 40 -73
317 2004 36 40 -74
318 2005 12 40 -73
319 2006 49 40 -73
320 2008 24 40 -74
321 2009 35 40 -73
322 2010 39 40 -74
323 2012 36 40 -73
324 2017 39 40 -73
325 2021 43 40 -73
326 2022 33 40 -73
327 2023 36 40 -73
328 3002 25 40 -74
